1025
1035
1045
1065
1205
1230
1235
1240
1245
1250
1260
1265
1305
1320
1325
1340
1345
1350
1360
1365
1405
1420
1425
1430
1435
1450
1460
1465
1520
1530
1540
1560
1605
1620
1625
1630
1635
1640
1645
1650
2015
2035
2045
2065
2105
2130
2135
2140
2145
2150
2160
2165
2305
2310
2315
2340
2345
2350
2360
2365
2405
2410
2415
2430
2435
2450
2460
2465
2510
2530
2540
2560
2605
2610
2615
2630
2635
2640
2645
2650
3015
3025
3045
3065
3105
3120
3125
3140
3145
3150
3160
3165
3205
3210
3215
3240
3245
3250
3260
3265
3405
3410
3415
3420
3425
3450
3460
3465
3510
3520
3540
3560
3605
3610
3615
3620
3625
3640
3645
3650
4015
4025
4035
4065
4105
4120
4125
4130
4135
4150
4160
4165
4205
4210
4215
4230
4235
4250
4260
4265
4305
4310
4315
4320
4325
4350
4360
4365
4510
4520
4530
4560
4605
4610
4615
4620
4625
4630
4635
4650
5120
5130
5140
5160
5210
5230
5240
5260
5310
5320
5340
5360
5410
5420
5430
5460
5610
5620
5630
5640
6015
6025
6035
6045
6105
6120
6125
6130
6135
6140
6145
6150
6205
6210
6215
6230
6235
6240
6245
6250
6305
6310
6315
6320
6325
6340
6345
6350
6405
6410
6415
6420
6425
6430
6435
6450
6510
6520
6530
6540
